300
9 64
13 139
13 98
5 19
3 8
4 89
19 131
18 75
12 120
19 10
19 104
18 76
18 38
19 134
4 75
3 70
1 44
12 49
16 128
5 5
9 89
15 57
13 59
5 15
17 84
6 13
11 117
17 145
9 23
15 97
20 10
13 64
20 95
1 140
5 135
10 65
18 142
13 6
16 37
19 130
7 42
13 148
20 50
11 85
9 58
20 13
5 137
4 118
6 97
4 150
6 100
14 85
3 81
1 90
18 37
16 13
13 93
4 45
10 82
18 57
7 47
1 87
17 42
8 145
2 25
8 71
14 146
1 37
15 35
1 148
20 118
1 14
8 63
7 5
4 94
17 92
15 7
16 88
19 61
6 28
10 76
9 150
17 143
15 39
3 63
6 81
1 16
19 136
14 136
4 33
8 6
4 96
15 121
19 1
1 17
6 51
11 150
20 5
14 37
12 76
12 74
19 40
16 4
1 10
3 76
11 138
19 22
17 86
5 147
13 1
16 29
16 145
13 144
1 100
12 143
7 2
6 60
12 31
10 126
19 100
7 62
7 129
19 98
16 75
11 13
19 67
11 98
4 62
5 34
20 120
17 45
4 47
4 145
12 38
7 19
4 27
17 56
6 59
14 14
16 135
16 38
11 71
3 33
18 66
11 121
20 138
17 48
6 2
13 118
10 122
20 30
4 52
3 26
6 108
10 46
7 138
3 20
9 93
11 54
20 145
10 3
1 126
4 113
3 3
19 147
4 57
8 147
10 120
20 107
3 29
5 24
18 62
17 58
10 51
5 93
16 73
2 12
8 139
2 102
13 81
7 98
10 130
14 125
1 129
11 64
10 119
17 106
12 66
7 39
7 54
5 21
13 78
17 9
18 143
2 134
6 126
1 79
8 86
11 2
9 144
4 84
9 29
20 54
1 28
9 33
10 71
1 111
16 36
16 60
19 27
6 5
11 57
13 130
13 85
20 58
16 28
12 141
4 68
18 73
9 14
10 96
2 3
10 6
11 45
18 125
12 75
9 137
17 129
5 131
17 94
5 138
7 18
10 43
7 77
19 146
18 41
10 125
12 118
20 24
15 131
4 51
4 31
17 114
3 68
9 56
15 44
6 71
6 105
14 19
19 138
11 9
16 109
14 49
5 40
4 11
3 148
18 105
20 39
6 125
4 117
15 149
16 77
2 131
16 81
18 83
13 50
6 146
8 25
17 93
20 21
16 1
3 27
12 136
15 68
7 146
5 90
18 68
20 131
3 50
1 38
11 94
13 23
2 104
1 101
4 141
2 116
2 87
8 24
13 77
7 78
17 50
18 22
18 86
17 127
15 42
16 125
8 146
9 91
13 67
10 73
11 67
12 100
4 149
4 14
19 47
13 52
7 44
10 10
8 40
10 79
3 30
5 58
6 14
20 126
13 113
4 119
16 71
15 87
8 62
17 122
16 78
3 7
18 4
9 112
2 145
20 6
18 101
15 62
10 132
2 125
13 120
8 59
18 104
3 58
18 122
10 49
13 102
6 119
10 72
11 134
3 107
4 130
6 142
7 67
10 5
17 132
2 52
13 14
19 103
6 7
1 12
11 79
11 77
9 11
6 11
16 142
20 134
2 97
14 91
9 90
12 35
20 12
7 4
7 117
3 91
3 67
3 102
5 35
17 136
12 41
19 111
14 142
16 18
9 42
18 100
7 16
10 89
9 17
5 104
3 146
16 32
15 85
12 90
17 126
9 114
2 61
1 102
7 91
3 147
18 74
2 18
8 91
19 70
13 123
13 99
12 117
16 134
12 59
13 147
15 125
16 112
16 126
14 105
13 46
6 41
3 114
13 30
12 135
10 44
11 86
20 45
16 92
10 135
10 17
6 101
13 125
12 78
8 47
6 87
18 79
4 63
19 58
13 8
11 1
14 45
9 109
3 42
8 107
6 127
5 8
8 137
12 64
4 83
2 136
17 5
19 95
19 4
8 28
11 73
9 99
3 79
10 45
1 106
18 89
11 40
1 22
6 6
4 32
9 30
10 93
15 64
9 145
10 40
10 121
12 67
3 104
16 99
1 1
4 43
7 73
14 58
17 74
11 68
11 33
10 28
5 110
12 126
13 127
17 139
11 17
10 83
2 73
16 59
5 129
9 12
5 17
8 99
4 23
9 24
17 14
15 119
7 108
8 75
14 63
5 143
20 52
2 69
18 103
7 34
20 59
2 103
16 85
2 23
4 144
10 56
3 35
3 23
17 49
15 102
9 38
4 22
10 88
5 148
2 66
8 39
11 7
9 81
17 38
8 104
10 137
6 102
20 127
8 102
10 47
5 52
17 33
15 101
7 30
3 38
12 131
9 59
6 4
9 72
2 34
18 15
2 118
17 134
4 137
13 13
8 64
19 72
14 80
14 13
1 68
14 107
14 127
18 1
12 106
3 65
9 113
1 104
20 128
9 115
13 62
15 71
19 56
1 62
16 17
13 60
11 4
10 81
16 100
1 33
17 96
9 27
11 136
2 108
8 129
2 129
16 146
19 94
1 98
20 42
12 48
17 118
7 26
9 65
16 14
1 15
3 140
10 57
18 9
3 136
10 100
2 133
10 54
7 29
2 144
4 98
14 141
16 149
5 98
1 2
3 93
5 75
17 109
20 56
12 124
17 148
16 130
18 58
8 79
11 140
11 131
7 103
10 138
17 51
16 148
16 129
16 42
