300
17 116
1 125
1 40
20 111
1 31
3 133
5 110
7 58
3 16
18 41
12 6
11 32
7 15
4 98
2 92
6 43
9 59
10 79
7 2
14 36
15 28
16 41
4 43
8 74
14 57
14 101
6 69
14 84
6 118
8 8
9 38
16 102
8 73
10 93
13 98
20 81
3 114
16 141
20 28
9 53
19 5
11 29
3 137
7 109
13 114
14 81
1 75
11 150
5 82
15 69
8 94
10 66
20 86
17 114
2 102
5 24
4 29
19 136
5 42
2 124
17 2
19 129
15 137
18 99
14 25
1 67
20 58
6 90
12 115
2 30
4 16
9 49
11 28
14 30
20 39
4 22
10 114
11 99
5 112
16 70
6 20
11 125
12 102
19 142
15 143
13 7
10 30
19 38
16 140
9 137
12 87
13 9
2 149
12 59
2 77
1 122
13 52
15 114
20 146
11 16
17 34
16 15
6 35
16 103
10 19
19 7
14 89
19 144
18 131
15 120
7 44
15 12
1 85
14 130
14 118
10 24
10 81
2 76
18 109
5 128
17 91
17 29
20 8
8 95
16 69
4 48
18 142
14 116
8 54
17 83
7 17
1 18
8 117
12 81
5 22
10 38
13 21
12 1
20 15
4 95
20 84
3 120
16 9
18 149
7 11
11 30
2 46
4 51
6 3
11 52
8 91
15 9
11 67
9 21
4 93
17 98
10 76
2 53
6 119
14 46
18 76
19 127
9 12
1 57
7 92
10 97
8 39
10 11
5 89
4 80
19 77
2 108
5 122
1 95
18 44
20 24
11 25
19 73
3 136
17 44
20 27
11 36
20 55
8 48
2 126
9 65
10 46
18 147
19 8
20 60
18 97
5 49
3 32
12 133
10 88
12 112
6 89
15 96
2 109
16 23
9 114
1 73
17 125
13 20
3 77
4 84
12 47
11 114
9 81
11 55
10 140
19 85
15 35
13 88
18 88
6 97
20 33
6 23
1 72
6 76
4 55
19 32
9 108
9 132
10 2
3 58
10 86
20 137
7 29
14 77
18 23
6 117
6 103
15 4
17 92
4 110
13 68
20 127
12 73
8 84
20 51
12 3
16 47
5 103
5 101
17 32
2 69
1 90
3 43
20 134
16 121
11 94
20 147
11 84
8 42
1 23
17 110
2 110
7 54
5 39
16 111
5 148
19 64
18 22
11 148
9 106
2 101
11 56
7 75
19 146
3 107
4 75
14 69
14 16
15 111
8 110
14 127
15 145
5 64
14 147
10 80
16 146
20 102
6 100
18 49
5 10
17 10
18 129
8 132
4 144
8 128
3 90
20 143
9 26
16 21
16 33
8 82
11 19
4 87
17 17
